[121,51] => [8], 0.9843484035447946
[121,51] => [122], 0.9976318420871848
[171,8,122] => [49], 0.9033372414669639
[22,122] => [8], 0.964336980387092
[878,49] => [8], 0.9599383850965545
[878,49] => [122], 0.969177212709437
[516,49,122] => [8], 0.9794307441026053
[121,124,8,122] => [49], 0.943157316312067
[149,122] => [8], 0.8995775803382848
[121,516,8,122] => [49], 0.9474056644880174
[146,8,122] => [49], 0.884461189938428
[150,8] => [122], 0.9550915694636251
[121,124,49,122] => [8], 0.9875175986237352
[121,516,49] => [8], 0.9918609269833866
[121,516,49] => [122], 0.9982417270067088
[51,516,8] => [49], 0.9443030826931389
[51,516,8] => [122], 0.9955314194888669
[149] => [8], 0.8501510488275583
[149] => [122], 0.9032814490596501
[379,122] => [8], 0.9738790902994878
[121,516,122] => [49], 0.942580052439251
[121,516,122] => [8], 0.9871069636847865
[516,124] => [49], 0.9234875647558767
[516,124] => [8], 0.9752792457313609
[516,124] => [122], 0.9887113600890591
[171,49] => [8], 0.9525293587612372
[171,49] => [122], 0.9787448218847299
[81] => [8], 0.9607185345143521
[81] => [122], 0.9674317728625045
[51,49,8] => [122], 0.9925869147183843
[51,49,8] => [516], 0.8033204691593413
[379] => [49], 0.9128465060253806
[379] => [8], 0.9631281879087319
[379] => [122], 0.9723416994007487
[60,8,122] => [49], 0.9223991744066048
[51,49,122] => [8], 0.9765946832222754
[1] => [8], 0.9263418375468504
[1] => [122], 0.955584417463786
[51,516] => [49], 0.9387078403052
[51,516] => [8], 0.9842562637015791
[51,516] => [122], 0.9931213355244424
[51,516,49] => [8], 0.9901230010726731
[51,516,49] => [122], 0.9961113314121459
[60] => [49], 0.8987150509913999
[60] => [8], 0.9537424587715021
[60] => [122], 0.979777902740155
[308,122] => [8], 0.9280628354347377
[516,124,49,8] => [122], 0.9961677327749155
[60,49] => [8], 0.9734274606594344
[60,49] => [122], 0.9882190626901165
[121,51,122] => [8], 0.9850400252489026
[51,516,122] => [49], 0.94153401318244
[51,516,122] => [8], 0.9866448341140543
[146,49,8] => [122], 0.9784395563075766
[171,49,122] => [8], 0.9609781738465956
[146,49,122] => [8], 0.9538290104540856
[514,122] => [8], 0.9746108677758833
[51,124] => [49], 0.937319966530588
[51,124] => [8], 0.9664991449229033
[51,124] => [122], 0.9850208659773645
[158] => [8], 0.842784974726344
[158] => [122], 0.8998754459730246
[121,124] => [49], 0.9329094279050381
[121,124] => [8], 0.9771303908266156
[121,124] => [122], 0.99640301167957
[121,8,122] => [49], 0.9213853172599239
[121,8,122] => [516], 0.8254671172745989
[878,8] => [49], 0.9059681714675346
[878,8] => [122], 0.9652526727476232
[516,124,122] => [49], 0.9288083531005602
[516,124,122] => [8], 0.9785806116015652
[171,8] => [49], 0.885838144294258
[171,8] => [122], 0.9682981297749508
[8] => [49], 0.8154011547735578
[8] => [122], 0.9375289189688584
[878] => [49], 0.8658736844900772
[878] => [8], 0.9174553947525669
[878] => [122], 0.9433414136466312
[124] => [49], 0.8488862443343047
[124] => [8], 0.9033704547657203
[124] => [122], 0.9582637447343688
[158,8] => [122], 0.952549485463645
[60,8] => [49], 0.9172643011718591
[60,8] => [122], 0.9891388673390225
[60,49,8] => [122], 0.9946760965638566
[51,8] => [49], 0.9076770283964058
[51,8] => [122], 0.9841660532346818
[49,8] => [122], 0.9694623035678502
[516,8,122] => [49], 0.9086862122589716
[124,8,122] => [49], 0.8988703050151032
[121,49] => [8], 0.979097836025602
[121,49] => [122], 0.9953840292593722
[121,49] => [516], 0.8363822005486132
[121,49] => [124], 0.8015528802194453
[171,516,8] => [122], 0.9889948207651185
[121,124,49,8] => [122], 0.9984551641243651
[8,122] => [49], 0.8431747179682639
[49] => [8], 0.906343913453435
[49] => [122], 0.9463819689564187
[149,8] => [122], 0.9557969038915565
[121,49,122] => [8], 0.9804767817309709
[121,49,122] => [516], 0.838783412000839
[121,49,122] => [124], 0.8036165108371315
[60,49,122] => [8], 0.9797878460480713
[158,122] => [8], 0.8921172342512558
[51,124,8,122] => [49], 0.9468340650967016
[124,49,8] => [122], 0.9903519277235003
[49,122] => [8], 0.928447801187694
[308,8] => [122], 0.9615182255369819
[171,516,49] => [122], 0.994050084803389
[171,122] => [49], 0.8751632005658506
[171,122] => [8], 0.9310063791145821
[150] => [8], 0.8260159938137971
[150] => [122], 0.8942413120889208
[122] => [8], 0.8589398576450219
[516,124,49] => [8], 0.9855255088013648
[516,124,49] => [122], 0.9944079434344004
[171,49,8] => [122], 0.9874261648163642
[121,124,8] => [49], 0.9423464044101497
[121,124,8] => [122], 0.9975967079982067
[524] => [122], 0.9508061537083817
[124,122] => [49], 0.863720021685877
[124,122] => [8], 0.9250414254348054
[516,49] => [8], 0.9756927288244418
[516,49] => [122], 0.9867967352503653
[22] => [8], 0.9595716047998206
[22] => [122], 0.9803492422954342
[51,124,49,122] => [8], 0.9856461860405382
[124,49,122] => [8], 0.9626872682761447
[121,516,8] => [49], 0.9467318033516755
[121,516,8] => [122], 0.9978330284036758
[121,124,122] => [49], 0.9343547350639133
[121,124,122] => [8], 0.9783009984388823
[121,51,8] => [122], 0.9983327969850766
[121,516,49,122] => [8], 0.9921605347263671
[51,124,122] => [49], 0.9389736969043498
[51,124,122] => [8], 0.9774636097948529
[22,8] => [122], 0.985217802726846
[878,49,8] => [122], 0.9769401448452144
[84] => [49], 0.8973581713399482
[84] => [8], 0.9508221568178213
[84] => [122], 0.9757617948220864
[51,516,8,122] => [49], 0.946106578901299
[171] => [49], 0.8472009472941651
[171] => [8], 0.9109833215761363
[171] => [122], 0.9474730424266855
[171,516,122] => [49], 0.9367924250348033
[171,516,122] => [8], 0.9828082761871791
[60,122] => [49], 0.90645782358674
[60,122] => [516], 0.8090952306002172
[60,122] => [8], 0.9628546763138942
[51,124,8] => [49], 0.9455524729569752
[51,124,8] => [122], 0.9961954508074501
[51] => [49], 0.8860373026093539
[51] => [8], 0.9437247745104763
[51] => [122], 0.9683133561426369
[60,516] => [122], 0.992559393205351
[51,124,49] => [8], 0.9749879328563628
[51,124,49] => [122], 0.9867587559007867
[51,516,49,122] => [8], 0.9914364808118833
[51,122] => [49], 0.8991144314104044
[51,122] => [8], 0.9591749207814828
[516,124,49,122] => [8], 0.9872695790259093
[124,8] => [49], 0.8906105564655263
[124,8] => [122], 0.9812515515591689
[516,49,8] => [122], 0.990577291529853
[121,8] => [49], 0.919477523402538
[121,8] => [516], 0.822893485357403
[121,8] => [122], 0.9947219960243234
[51,49] => [8], 0.9667734038161636
[51,49] => [122], 0.9826048068984496
[124,49] => [8], 0.9477727655303704
[124,49] => [122], 0.9750088282226995
[878,122] => [49], 0.8895878331563382
[878,122] => [8], 0.9387653919362129
[51,516,49,8] => [122], 0.9974327551649422
[121,516] => [49], 0.9415964973682224
[121,516] => [8], 0.9864808295417893
[121,516] => [122], 0.9972000905853046
[516,124,8,122] => [49], 0.9370553850035745
[516,122] => [49], 0.8933022067652447
[516,122] => [8], 0.9628490377393693
[150,122] => [8], 0.8822237367794828
[171,124] => [8], 0.966769528718482
[171,124] => [122], 0.984689379210562
[121,49,8,122] => [516], 0.8487786902012588
[121,49,8,122] => [124], 0.8093872917574275
[514] => [49], 0.92533461846221
[514] => [8], 0.9713446570160762
[514] => [122], 0.9898305084745763
[308] => [49], 0.8712868137626675
[308] => [8], 0.9068938903091762
[308] => [122], 0.93958616902479
[146,122] => [49], 0.8522312294019336
[146,122] => [8], 0.9190712712618903
[121,122] => [49], 0.90681543987083
[121,122] => [516], 0.8069571881364616
[121,122] => [8], 0.9649724902851764
[121] => [49], 0.9032147949941914
[121] => [516], 0.8022892819979188
[121] => [8], 0.9617806077223351
[121] => [122], 0.9914317096939366
[146,49] => [8], 0.9454268818331932
[146,49] => [122], 0.96982063728775
[121,49,8] => [122], 0.9967859121783578
[121,49,8] => [516], 0.847284912931684
[121,49,8] => [124], 0.8080341300328101
[121,516,49,8] => [122], 0.9985432621742317
[878,8,122] => [49], 0.9169378149860469
[51,124,49,8] => [122], 0.997545683920789
[516,8] => [49], 0.9012162487019318
[516,8] => [122], 0.982434132573183
[84,8] => [122], 0.9852717115286947
[379,8] => [122], 0.9831954474604097
[171,516] => [49], 0.9301732128900925
[171,516] => [8], 0.980852069285156
[171,516] => [122], 0.9870263000054527
[146] => [49], 0.834212617806326
[146] => [8], 0.9051306916247042
[146] => [122], 0.9493158484724471
[514,8] => [122], 0.9931588791345813
[146,8] => [49], 0.8713515532468044
[146,8] => [122], 0.9639369560195993
[84,122] => [8], 0.9600890081765425
[516,124,8] => [49], 0.9331897055240523
[516,124,8] => [122], 0.9920581942947162
[121,124,49] => [8], 0.9870146907005793
[121,124,49] => [122], 0.9979466860844254
[51,49,8,122] => [516], 0.8072423048830216
[51,8,122] => [49], 0.9154434236128868
[516] => [49], 0.8820573655298749
[516] => [8], 0.9549505561990617
[516] => [122], 0.9743749898035998
[878,49,122] => [8], 0.9676273159136541
