[22], 552854
[22,8], 530503
[22,8,122], 522661
[22,122], 541990
[878], 677779
[878,49], 586871
[878,49,8], 563360
[878,49,8,122], 550369
[878,49,122], 568782
[878,8], 621832
[878,8,122], 600225
[878,122], 639377
[146], 674412
[146,49], 562603
[146,49,8], 531900
[146,49,8,122], 520432
[146,49,122], 545624
[146,8], 610431
[146,8,122], 588417
[146,122], 640230
[49], 1178279
[49,8], 1067926
[49,8,122], 1035314
[49,122], 1115102
[524], 536002
[524,122], 509634
[171], 793840
[171,49], 672542
[171,49,8], 640616
[171,49,8,122], 632561
[171,49,122], 658247
[171,516], 550190
[171,516,49], 511772
[171,516,49,122], 508727
[171,516,8], 539655
[171,516,8,122], 533716
[171,516,122], 543052
[171,8], 723175
[171,8,122], 700249
[171,124], 530808
[171,124,8], 513169
[171,124,122], 522681
[171,122], 752142
[308], 597297
[308,49], 520417
[308,8], 541685
[308,8,122], 520840
[308,122], 561212
[149], 634232
[149,8], 539193
[149,8,122], 515359
[149,122], 572890
[516], 858146
[516,49], 756934
[516,49,8], 738535
[516,49,8,122], 731576
[516,49,122], 746940
[516,8], 819487
[516,8,122], 805092
[516,124], 614423
[516,124,49], 567412
[516,124,49,8], 559199
[516,124,49,8,122], 557056
[516,124,49,122], 564239
[516,124,8], 599234
[516,124,8,122], 594475
[516,124,122], 607487
[516,122], 836156
[121], 726516
[121,49], 656200
[121,49,8], 642484
[121,49,8,122], 640419
[121,49,122], 653171
[121,516], 582876
[121,516,49], 548834
[121,516,49,8], 544367
[121,516,49,8,122], 543574
[121,516,49,122], 547869
[121,516,8], 574996
[121,516,8,122], 573750
[121,516,122], 581244
[121,8], 698749
[121,8,122], 695061
[121,124], 563805
[121,124,49], 525979
[121,124,49,8], 519149
[121,124,49,8,122], 518347
[121,124,49,122], 524899
[121,124,8], 550911
[121,124,8,122], 549587
[121,124,122], 561777
[121,51], 524036
[121,51,8], 515834
[121,51,8,122], 514974
[121,51,122], 522795
[121,122], 720291
[379], 562869
[379,49], 513813
[379,8], 542115
[379,8,122], 533005
[379,122], 547301
[8], 1309694
[8,122], 1227876
[158], 675209
[158,49], 524911
[158,8], 569056
[158,8,122], 542054
[158,122], 607604
[514], 549880
[514,49], 508823
[514,8], 534123
[514,8,122], 530469
[514,122], 544288
[150], 677637
[150,49], 515964
[150,8], 559739
[150,8,122], 534602
[150,122], 605971
[1], 552824
[1,8], 512104
[1,122], 528270
[81], 532083
[81,8], 511182
[81,122], 514754
[60], 641971
[60,49], 576949
[60,49,8], 561618
[60,49,8,122], 558628
[60,49,122], 570152
[60,516], 512727
[60,516,122], 508912
[60,8], 612275
[60,8,122], 605625
[60,122], 628989
[124], 887358
[124,49], 753266
[124,49,8], 713925
[124,49,8,122], 707037
[124,49,122], 734441
[124,8], 801613
[124,8,122], 786584
[124,122], 850323
[84], 567410
[84,49], 509170
[84,8], 539506
[84,8,122], 531560
[84,122], 553657
[51], 787398
[51,49], 697664
[51,49,8], 674483
[51,49,8,122], 669483
[51,49,122], 685528
[51,516], 582962
[51,516,49], 547231
[51,516,49,8], 541826
[51,516,49,8,122], 540435
[51,516,49,122], 545103
[51,516,8], 573784
[51,516,8,122], 571220
[51,516,122], 578952
[51,8], 743087
[51,8,122], 731321
[51,124], 572463
[51,124,49], 536581
[51,124,49,8], 523160
[51,124,49,8,122], 521876
[51,124,49,122], 529476
[51,124,8], 553285
[51,124,8,122], 551180
[51,124,122], 563888
[51,122], 762448
[122], 1429525
